================================================================================
EXTRACTION DE DONNÉES KML
================================================================================

Fichier source: Parogressive 2010 now 15.4 pine.kml
Nombre de placemarks: 1
================================================================================


================================================================================
PLACEMARK #1: Parogressive 2010 now 15.4 pine
================================================================================

Type de géométrie: Polygon
Nombre de points: 98
Centroïde: (32.31727259, 0.98988918)

COORDONNÉES (98 points):
--------------------------------------------------------------------------------
#      Longitude          Latitude           Altitude    
--------------------------------------------------------------------------------
1      32.3175482109      0.9923756899       0.00        
2      32.3174835933      0.9923100425       0.00        
3      32.3174781848      0.9922775967       0.00        
4      32.3174186921      0.9921478137       0.00        
5      32.3173916500      0.9920829224       0.00        
6      32.3172942985      0.9918774334       0.00        
7      32.3172780733      0.9918558030       0.00        
8      32.3171969471      0.9917314283       0.00        
9      32.3171699051      0.9916935752       0.00        
10     32.3170292865      0.9916611301       0.00        
11     32.3163532339      0.9909311072       0.00        
12     32.3162346202      0.9908445859       0.00        
13     32.3160831852      0.9907364346       0.00        
14     32.3160669599      0.9907148043       0.00        
15     32.3160345096      0.9906985817       0.00        
16     32.3158560326      0.9906174683       0.00        
17     32.3158506242      0.9905958380       0.00        
18     32.3157911317      0.9904822789       0.00        
19     32.3157749064      0.9904498334       0.00        
20     32.3157262307      0.9903741273       0.00        
21     32.3157208223      0.9903633121       0.00        
22     32.3155369366      0.9902821985       0.00        
23     32.3153422340      0.9902010847       0.00        
24     32.3153043751      0.9902010847       0.00        
25     32.3152719247      0.9902010847       0.00        
26     32.3151313057      0.9901253783       0.00        
27     32.3151799810      0.9900172263       0.00        
28     32.3152935577      0.9900226340       0.00        
29     32.3154395842      0.9898982591       0.00        
30     32.3154990763      0.9898117374       0.00        
31     32.3154287668      0.9897522537       0.00        
32     32.3154697491      0.9897201487       0.00        
33     32.3155280567      0.9896708186       0.00        
34     32.3155325419      0.9896663341       0.00        
35     32.3155953347      0.9895587051       0.00        
36     32.3156087903      0.9895362824       0.00        
37     32.3157029792      0.9893613855       0.00        
38     32.3158420202      0.9892403030       0.00        
39     32.3158599609      0.9892133957       0.00        
40     32.3159048128      0.9891730349       0.00        
41     32.3159676055      0.9891192204       0.00        
42     32.3160348834      0.9890923131       0.00        
43     32.3160976761      0.9890609213       0.00        
44     32.3161156168      0.9890429831       0.00        
45     32.3163981842      0.9889219001       0.00        
46     32.3164161250      0.9889039620       0.00        
47     32.3165192846      0.9888411782       0.00        
48     32.3167121485      0.9888680848       0.00        
49     32.3168063380      0.9888277236       0.00        
50     32.3169139831      0.9887694242       0.00        
51     32.3169319241      0.9887604550       0.00        
52     32.3170485399      0.9886797327       0.00        
53     32.3170754512      0.9886617943       0.00        
54     32.3170933922      0.9886528252       0.00        
55     32.3172010377      0.9887156083       0.00        
56     32.3173849330      0.9885093177       0.00        
57     32.3173939035      0.9884824102       0.00        
58     32.3174791237      0.9883702954       0.00        
59     32.3176989027      0.9881819412       0.00        
60     32.3177078733      0.9881684874       0.00        
61     32.3177572118      0.9881101872       0.00        
62     32.3178872799      0.9880118322       0.00        
63     32.3179007357      0.9879894094       0.00        
64     32.3179635296      0.9878683260       0.00        
65     32.3179814707      0.9878414186       0.00        
66     32.3181608829      0.9876710042       0.00        
67     32.3182909575      0.9875319816       0.00        
68     32.3183851498      0.9874781659       0.00        
69     32.3184658862      0.9875140420       0.00        
70     32.3185234918      0.9877275786       0.00        
71     32.3186027652      0.9878761948       0.00        
72     32.3187315845      0.9880000410       0.00        
73     32.3188405855      0.9882576413       0.00        
74     32.3188504947      0.9882824106       0.00        
75     32.3189594958      0.9885449641       0.00        
76     32.3191973167      0.9888768706       0.00        
77     32.3193112729      0.9890304393       0.00        
78     32.3194797306      0.9892781310       0.00        
79     32.3195936600      0.9894651874       0.00        
80     32.3196720896      0.9897705965       0.00        
81     32.3196762187      0.9899645730       0.00        
82     32.3196679643      0.9901337868       0.00        
83     32.3196060487      0.9902947464       0.00        
84     32.3195606409      0.9904746006       0.00        
85     32.3195234911      0.9906603225       0.00        
86     32.3193501255      0.9910978002       0.00        
87     32.3192180375      0.9912711405       0.00        
88     32.3192180375      0.9912876491       0.00        
89     32.3191602498      0.9915105151       0.00        
90     32.3191065897      0.9916797284       0.00        
91     32.3189951413      0.9919314852       0.00        
92     32.3189497348      0.9920482392       0.00        
93     32.3188713079      0.9922050707       0.00        
94     32.3181819733      0.9925146082       0.00        
95     32.3179260521      0.9925146092       0.00        
96     32.3177526859      0.9925022285       0.00        
97     32.3175958307      0.9924403219       0.00        
98     32.3175482109      0.9923756899       0.00        

