================================================================================
EXTRACTION DE DONNÉES KML
================================================================================

Fichier source: Progressive pine 2013 now 19.5.kml
Nombre de placemarks: 1
================================================================================


================================================================================
PLACEMARK #1: Progressive pine 2013 now 19.5
================================================================================

Type de géométrie: Polygon
Nombre de points: 70
Centroïde: (32.31958817, 0.99057737)

COORDONNÉES (70 points):
--------------------------------------------------------------------------------
#      Longitude          Latitude           Altitude    
--------------------------------------------------------------------------------
1      32.3176989393      0.9925259558       0.00        
2      32.3181228353      0.9925764104       0.00        
3      32.3182590872      0.9925360451       0.00        
4      32.3186072863      0.9924199950       0.00        
5      32.3189064770      0.9923057409       0.00        
6      32.3189266624      0.9922149196       0.00        
7      32.3189670332      0.9920534596       0.00        
8      32.3190881456      0.9918163153       0.00        
9      32.3190982382      0.9917709048       0.00        
10     32.3191941186      0.9915640345       0.00        
11     32.3192143027      0.9914130086       0.00        
12     32.3192193490      0.9913928259       0.00        
13     32.3193556008      0.9911809083       0.00        
14     32.3194565276      0.9909336719       0.00        
15     32.3195826858      0.9906006607       0.00        
16     32.3196684728      0.9902323308       0.00        
17     32.3197239820      0.9899649134       0.00        
18     32.3196937032      0.9897328154       0.00        
19     32.3196812007      0.9895800846       0.00        
20     32.3194033965      0.9890880490       0.00        
21     32.3189351000      0.9883976157       0.00        
22     32.3186334845      0.9876992471       0.00        
23     32.3184509277      0.9874452949       0.00        
24     32.3185541112      0.9873579984       0.00        
25     32.3187922276      0.9874056141       0.00        
26     32.3189668462      0.9874691019       0.00        
27     32.3192128988      0.9873341890       0.00        
28     32.3193240194      0.9873262526       0.00        
29     32.3196018220      0.9876198843       0.00        
30     32.3196494452      0.9876516282       0.00        
31     32.3198558123      0.9876674996       0.00        
32     32.3202764840      0.9876754342       0.00        
33     32.3207289055      0.9876436884       0.00        
34     32.3210622700      0.9876754311       0.00        
35     32.3211257681      0.9876992390       0.00        
36     32.3214273850      0.9877309819       0.00        
37     32.3214829460      0.9876833654       0.00        
38     32.3216972531      0.9875643236       0.00        
39     32.3219909350      0.9875643220       0.00        
40     32.3219909351      0.9876040024       0.00        
41     32.3222052477      0.9883182485       0.00        
42     32.3223401899      0.9889842676       0.00        
43     32.3222449407      0.9890398215       0.00        
44     32.3222766896      0.9893572655       0.00        
45     32.3223163766      0.9893731373       0.00        
46     32.3224354381      0.9894842417       0.00        
47     32.3223640013      0.9895794755       0.00        
48     32.3215147141      0.9905312001       0.00        
49     32.3203479326      0.9917533662       0.00        
50     32.3203082466      0.9917930465       0.00        
51     32.3202288746      0.9919279593       0.00        
52     32.3202368118      0.9919279593       0.00        
53     32.3211495963      0.9923961812       0.00        
54     32.3195542190      0.9941817948       0.00        
55     32.3192287929      0.9943722623       0.00        
56     32.3186969975      0.9941183097       0.00        
57     32.3185779388      0.9940706937       0.00        
58     32.3184271311      0.9939675256       0.00        
59     32.3183080724      0.9939040376       0.00        
60     32.3182286999      0.9938484856       0.00        
61     32.3180620174      0.9936977013       0.00        
62     32.3177762758      0.9934358129       0.00        
63     32.3177524640      0.9934040689       0.00        
64     32.3176175303      0.9931580519       0.00        
65     32.3175540318      0.9929437788       0.00        
66     32.3175064079      0.9927691860       0.00        
67     32.3174984702      0.9925072965       0.00        
68     32.3175143446      0.9924358721       0.00        
69     32.3175727796      0.9924906369       0.00        
70     32.3176989393      0.9925259558       0.00        

