================================================================================
EXTRACTION DE DONNÉES KML
================================================================================

Fichier source: progressive 2012 pine now 15.8.kml
Nombre de placemarks: 1
================================================================================


================================================================================
PLACEMARK #1: progressive 2012 pine now 15.8
================================================================================

Type de géométrie: Polygon
Nombre de points: 74
Centroïde: (32.32160791, 0.98473598)

COORDONNÉES (74 points):
--------------------------------------------------------------------------------
#      Longitude          Latitude           Altitude    
--------------------------------------------------------------------------------
1      32.3194883341      0.9859972560       0.00        
2      32.3195862103      0.9856009177       0.00        
3      32.3195911041      0.9855813454       0.00        
4      32.3195862101      0.9854932705       0.00        
5      32.3196204663      0.9853366928       0.00        
6      32.3196302502      0.9848819716       0.00        
7      32.3196302502      0.9848575063       0.00        
8      32.3196351443      0.9846911418       0.00        
9      32.3194981175      0.9844171312       0.00        
10     32.3194883299      0.9843975590       0.00        
11     32.3194393914      0.9841137619       0.00        
12     32.3194393914      0.9840892966       0.00        
13     32.3194296037      0.9840599383       0.00        
14     32.3193610896      0.9838446440       0.00        
15     32.3193561956      0.9838152857       0.00        
16     32.3192974691      0.9836587079       0.00        
17     32.3192729996      0.9836048842       0.00        
18     32.3192583174      0.9834727715       0.00        
19     32.3192778917      0.9833015141       0.00        
20     32.3193415107      0.9831889735       0.00        
21     32.3194295998      0.9832036529       0.00        
22     32.3194491751      0.9832134390       0.00        
23     32.3196498217      0.9832379045       0.00        
24     32.3197868486      0.9833161934       0.00        
25     32.3199532373      0.9832721558       0.00        
26     32.3202664391      0.9832721555       0.00        
27     32.3203643146      0.9832819414       0.00        
28     32.3206138966      0.9833064061       0.00        
29     32.3209575207      0.9833112918       0.00        
30     32.3212413676      0.9834482985       0.00        
31     32.3214420153      0.9833210786       0.00        
32     32.3242559405      0.9834825410       0.00        
33     32.3243146660      0.9835510433       0.00        
34     32.3243244539      0.9836342250       0.00        
35     32.3243831796      0.9837174064       0.00        
36     32.3244027549      0.9837663368       0.00        
37     32.3244272245      0.9839327002       0.00        
38     32.3244468001      0.9840109888       0.00        
39     32.3244957387      0.9841577800       0.00        
40     32.3245104207      0.9842556409       0.00        
41     32.3245348905      0.9843975393       0.00        
42     32.3245251031      0.9844171116       0.00        
43     32.3244027589      0.9845149729       0.00        
44     32.3241874331      0.9846320773       0.00        
45     32.3240504078      0.9848082279       0.00        
46     32.3240357266      0.9848229071       0.00        
47     32.3239182765      0.9849354478       0.00        
48     32.3239035953      0.9849696991       0.00        
49     32.3237959327      0.9850382022       0.00        
50     32.3237616765      0.9850724537       0.00        
51     32.3236393330      0.9851898871       0.00        
52     32.3236099705      0.9852192454       0.00        
53     32.3233163458      0.9853953959       0.00        
54     32.3232576208      0.9854296474       0.00        
55     32.3232380458      0.9854443266       0.00        
56     32.3230912334      0.9855275088       0.00        
57     32.3229960345      0.9856005172       0.00        
58     32.3230060790      0.9857411115       0.00        
59     32.3228654643      0.9858515791       0.00        
60     32.3225741901      0.9859419625       0.00        
61     32.3224837947      0.9860022177       0.00        
62     32.3222427399      0.9861126860       0.00        
63     32.3221423003      0.9861327715       0.00        
64     32.3216802769      0.9862532838       0.00        
65     32.3215396607      0.9863135397       0.00        
66     32.3213086479      0.9863938813       0.00        
67     32.3211780752      0.9864340522       0.00        
68     32.3210274141      0.9864440959       0.00        
69     32.3209771937      0.9864340536       0.00        
70     32.3206156057      0.9864842692       0.00        
71     32.3205452968      0.9865143974       0.00        
72     32.3196714496      0.9866148315       0.00        
73     32.3194303872      0.9862834280       0.00        
74     32.3194883341      0.9859972560       0.00        

