================================================================================
EXTRACTION DE DONNÉES KML
================================================================================

Fichier source: Progressive pine  2008 now 14.3.kml
Nombre de placemarks: 1
================================================================================


================================================================================
PLACEMARK #1: Progressive pine  2008 now 14.3
================================================================================

Type de géométrie: Polygon
Nombre de points: 60
Centroïde: (32.31303907, 0.98741978)

COORDONNÉES (60 points):
--------------------------------------------------------------------------------
#      Longitude          Latitude           Altitude    
--------------------------------------------------------------------------------
1      32.3087817357      0.9878022747       0.00        
2      32.3128297316      0.9866208362       0.00        
3      32.3128906639      0.9865941819       0.00        
4      32.3128982794      0.9863923729       0.00        
5      32.3129211288      0.9863314494       0.00        
6      32.3133628879      0.9860877532       0.00        
7      32.3134123955      0.9860687143       0.00        
8      32.3138427303      0.9856650920       0.00        
9      32.3142235605      0.9857145893       0.00        
10     32.3143073434      0.9857298195       0.00        
11     32.3143301932      0.9857336270       0.00        
12     32.3144482512      0.9857831265       0.00        
13     32.3144634845      0.9857983573       0.00        
14     32.3146539009      0.9859278186       0.00        
15     32.3146957927      0.9859658956       0.00        
16     32.3147186427      0.9859811264       0.00        
17     32.3147795762      0.9860496652       0.00        
18     32.3148176598      0.9861143965       0.00        
19     32.3148214682      0.9861296274       0.00        
20     32.3148328934      0.9862095898       0.00        
21     32.3148976354      0.9862286280       0.00        
22     32.3148671688      0.9863238217       0.00        
23     32.3148519356      0.9863428605       0.00        
24     32.3148214689      0.9863733227       0.00        
25     32.3148328941      0.9864266309       0.00        
26     32.3148633610      0.9864532849       0.00        
27     32.3148481280      0.9865370552       0.00        
28     32.3148252782      0.9865865559       0.00        
29     32.3147910034      0.9866360566       0.00        
30     32.3146881797      0.9868607134       0.00        
31     32.3148176678      0.9873671425       0.00        
32     32.3144482645      0.9878354963       0.00        
33     32.3138922498      0.9880865569       0.00        
34     32.3138503588      0.9881132112       0.00        
35     32.3135038106      0.9892248212       0.00        
36     32.3132486553      0.9891524759       0.00        
37     32.3130925152      0.9890458607       0.00        
38     32.3130696655      0.9890306300       0.00        
39     32.3129934994      0.9889392452       0.00        
40     32.3129630329      0.9889049759       0.00        
41     32.3128678254      0.9888212067       0.00        
42     32.3128564005      0.9888097836       0.00        
43     32.3128297424      0.9887831297       0.00        
44     32.3127116852      0.9887260146       0.00        
45     32.3127002603      0.9887145915       0.00        
46     32.3126583688      0.9886688991       0.00        
47     32.3126736010      0.9884937440       0.00        
48     32.3126308134      0.9884645373       0.00        
49     32.3126049120      0.9885704993       0.00        
50     32.3123632650      0.9883634059       0.00        
51     32.3108702533      0.9896663729       0.00        
52     32.3106717595      0.9897181473       0.00        
53     32.3099468255      0.9888552575       0.00        
54     32.3097569621      0.9885705051       0.00        
55     32.3097224414      0.9885618764       0.00        
56     32.3090061360      0.9882167250       0.00        
57     32.3089802454      0.9882080962       0.00        
58     32.3087731199      0.9880872929       0.00        
59     32.3087385991      0.9879147154       0.00        
60     32.3087817357      0.9878022747       0.00        

