================================================================================
EXTRACTION DE DONNÉES KML
================================================================================

Fichier source: Progressive 2010 pine now 3.57.kml
Nombre de placemarks: 1
================================================================================


================================================================================
PLACEMARK #1: Progressive 2010 pine now 3.57
================================================================================

Type de géométrie: Polygon
Nombre de points: 64
Centroïde: (32.31885265, 0.98505491)

COORDONNÉES (64 points):
--------------------------------------------------------------------------------
#      Longitude          Latitude           Altitude    
--------------------------------------------------------------------------------
1      32.3184020213      0.9865332582       0.00        
2      32.3184324273      0.9864724543       0.00        
3      32.3184324269      0.9864116504       0.00        
4      32.3184506706      0.9863934092       0.00        
5      32.3185294397      0.9863854242       0.00        
6      32.3185500490      0.9863648178       0.00        
7      32.3185624145      0.9863236050       0.00        
8      32.3186242422      0.9861793600       0.00        
9      32.3186901920      0.9860886917       0.00        
10     32.3187190452      0.9860639640       0.00        
11     32.3187231670      0.9860392364       0.00        
12     32.3188097260      0.9858620214       0.00        
13     32.3188262136      0.9858455363       0.00        
14     32.3188674317      0.9856229873       0.00        
15     32.3188674317      0.9856023810       0.00        
16     32.3188577352      0.9855604152       0.00        
17     32.3187976583      0.9854894266       0.00        
18     32.3188195042      0.9854402804       0.00        
19     32.3187812737      0.9854512019       0.00        
20     32.3188195076      0.9852986828       0.00        
21     32.3184808867      0.9839990383       0.00        
22     32.3183334263      0.9839717353       0.00        
23     32.3179074297      0.9834529730       0.00        
24     32.3178637379      0.9834475125       0.00        
25     32.3180385050      0.9833328377       0.00        
26     32.3180985813      0.9833164554       0.00        
27     32.3181422731      0.9832891518       0.00        
28     32.3182964225      0.9832629622       0.00        
29     32.3184905417      0.9832658157       0.00        
30     32.3185847467      0.9832601067       0.00        
31     32.3185961655      0.9832572524       0.00        
32     32.3186361313      0.9832515437       0.00        
33     32.3187389007      0.9832429804       0.00        
34     32.3189016193      0.9832543967       0.00        
35     32.3189701324      0.9832601049       0.00        
36     32.3190329364      0.9832800845       0.00        
37     32.3191185781      0.9833143354       0.00        
38     32.3191671086      0.9833371694       0.00        
39     32.3192556055      0.9833343147       0.00        
40     32.3192613149      0.9833971089       0.00        
41     32.3192299130      0.9835369688       0.00        
42     32.3192327678      0.9835483859       0.00        
43     32.3192698799      0.9836910999       0.00        
44     32.3193039525      0.9839677857       0.00        
45     32.3194495427      0.9843245688       0.00        
46     32.3195209112      0.9845928699       0.00        
47     32.3195523137      0.9847641262       0.00        
48     32.3195408978      0.9852236652       0.00        
49     32.3195494610      0.9854603898       0.00        
50     32.3195037873      0.9857829228       0.00        
51     32.3193125239      0.9864820408       0.00        
52     32.3192582845      0.9864477896       0.00        
53     32.3192011906      0.9864620611       0.00        
54     32.3191897718      0.9864649154       0.00        
55     32.3191697892      0.9865220008       0.00        
56     32.3191726440      0.9865448349       0.00        
57     32.3191869176      0.9865705234       0.00        
58     32.3191869177      0.9865933576       0.00        
59     32.3191697895      0.9865962118       0.00        
60     32.3191012770      0.9866276089       0.00        
61     32.3189671064      0.9866104835       0.00        
62     32.3188186625      0.9866104838       0.00        
63     32.3188015343      0.9865990667       0.00        
64     32.3184020213      0.9865332582       0.00        

