================================================================================
EXTRACTION DE DONNÉES KML
================================================================================

Fichier source: Progressive  2009 pine now 13.5.kml
Nombre de placemarks: 1
================================================================================


================================================================================
PLACEMARK #1: Progressive  2009 pine now 13.5
================================================================================

Type de géométrie: Polygon
Nombre de points: 112
Centroïde: (32.31650742, 0.98495646)

COORDONNÉES (112 points):
--------------------------------------------------------------------------------
#      Longitude          Latitude           Altitude    
--------------------------------------------------------------------------------
1      32.3152999323      0.9836929580       0.00        
2      32.3152934361      0.9836702249       0.00        
3      32.3153389090      0.9836409966       0.00        
4      32.3153356607      0.9835825400       0.00        
5      32.3153096757      0.9834688743       0.00        
6      32.3153259161      0.9834656268       0.00        
7      32.3154567811      0.9834299015       0.00        
8      32.3155119987      0.9834299016       0.00        
9      32.3157003878      0.9834104163       0.00        
10     32.3157133802      0.9834104163       0.00        
11     32.3157263725      0.9834039211       0.00        
12     32.3159082647      0.9833649502       0.00        
13     32.3159959627      0.9833714454       0.00        
14     32.3161356299      0.9834104165       0.00        
15     32.3161583665      0.9834331497       0.00        
16     32.3162590565      0.9834136641       0.00        
17     32.3162882890      0.9834104164       0.00        
18     32.3164376998      0.9833811880       0.00        
19     32.3168488450      0.9833844328       0.00        
20     32.3168780779      0.9833876804       0.00        
21     32.3170859552      0.9833941758       0.00        
22     32.3171216841      0.9833941758       0.00        
23     32.3172288706      0.9833941759       0.00        
24     32.3174075143      0.9833779378       0.00        
25     32.3174270028      0.9833844331       0.00        
26     32.3174497394      0.9834201565       0.00        
27     32.3176056466      0.9834591274       0.00        
28     32.3176283831      0.9834753653       0.00        
29     32.3176900963      0.9834818604       0.00        
30     32.3178297629      0.9834851077       0.00        
31     32.3179077163      0.9834786124       0.00        
32     32.3183234692      0.9839819864       0.00        
33     32.3183689434      0.9840045128       0.00        
34     32.3183981760      0.9840434840       0.00        
35     32.3184793779      0.9840467311       0.00        
36     32.3188009402      0.9852968457       0.00        
37     32.3187619632      0.9854202545       0.00        
38     32.3187717074      0.9854624731       0.00        
39     32.3187782036      0.9854884538       0.00        
40     32.3188431653      0.9855858812       0.00        
41     32.3188171811      0.9858099649       0.00        
42     32.3188009408      0.9858489360       0.00        
43     32.3187002508      0.9860437914       0.00        
44     32.3186385374      0.9860437915       0.00        
45     32.3185865682      0.9860437916       0.00        
46     32.3185283538      0.9860659938       0.00        
47     32.3184690371      0.9859797303       0.00        
48     32.3181940261      0.9859419904       0.00        
49     32.3181616719      0.9859419905       0.00        
50     32.3180106865      0.9859473822       0.00        
51     32.3179891173      0.9859905138       0.00        
52     32.3180106868      0.9860444283       0.00        
53     32.3179837254      0.9861091257       0.00        
54     32.3179405869      0.9861091258       0.00        
55     32.3178543097      0.9860821686       0.00        
56     32.3178273480      0.9860821686       0.00        
57     32.3175846946      0.9860659945       0.00        
58     32.3175253792      0.9860120802       0.00        
59     32.3173636107      0.9858988604       0.00        
60     32.3173636108      0.9859366004       0.00        
61     32.3172234123      0.9860120807       0.00        
62     32.3171425284      0.9860012979       0.00        
63     32.3170185066      0.9859635582       0.00        
64     32.3169753688      0.9860012982       0.00        
65     32.3169160543      0.9860390382       0.00        
66     32.3168567394      0.9859204271       0.00        
67     32.3168621315      0.9858611215       0.00        
68     32.3168621315      0.9858395558       0.00        
69     32.3169537992      0.9857263358       0.00        
70     32.3168837000      0.9856778132       0.00        
71     32.3168028166      0.9857263362       0.00        
72     32.3167003644      0.9857640764       0.00        
73     32.3166033046      0.9858611220       0.00        
74     32.3165979124      0.9858719049       0.00        
75     32.3165655593      0.9859797332       0.00        
76     32.3164531191      0.9861098889       0.00        
77     32.3163803964      0.9861168141       0.00        
78     32.3162474188      0.9860552136       0.00        
79     32.3161503589      0.9860282567       0.00        
80     32.3159939848      0.9860012999       0.00        
81     32.3159885924      0.9859312116       0.00        
82     32.3158699637      0.9858719063       0.00        
83     32.3156165299      0.9858611240       0.00        
84     32.3154278028      0.9860013010       0.00        
85     32.3151150541      0.9860552158       0.00        
86     32.3151527996      0.9859581703       0.00        
87     32.3151474072      0.9858503420       0.00        
88     32.3151366227      0.9858341678       0.00        
89     32.3151042693      0.9857910365       0.00        
90     32.3149748559      0.9858233852       0.00        
91     32.3149371103      0.9858179939       0.00        
92     32.3147429896      0.9857640799       0.00        
93     32.3147699508      0.9857209485       0.00        
94     32.3148184808      0.9856346858       0.00        
95     32.3147268127      0.9856724258       0.00        
96     32.3145812221      0.9857263402       0.00        
97     32.3145003382      0.9856832089       0.00        
98     32.3144949417      0.9855865381       0.00        
99     32.3144733727      0.9855811467       0.00        
100    32.3143547428      0.9855326245       0.00        
101    32.3142900349      0.9856027142       0.00        
102    32.3142522889      0.9855811485       0.00        
103    32.3142954277      0.9855056676       0.00        
104    32.3141228749      0.9853870565       0.00        
105    32.3140743434      0.9834730929       0.00        
106    32.3141390511      0.9834784845       0.00        
107    32.3149317133      0.9834892690       0.00        
108    32.3150341657      0.9834838776       0.00        
109    32.3149964204      0.9835485748       0.00        
110    32.3149694597      0.9836725776       0.00        
111    32.3151204421      0.9837157090       0.00        
112    32.3152999323      0.9836929580       0.00        

