================================================================================
EXTRACTION DE DONNÉES KML
================================================================================

Fichier source: Progressive pine 2007 now 19.9.kml
Nombre de placemarks: 1
================================================================================


================================================================================
PLACEMARK #1: Progressive pine 2007 now 19.9
================================================================================

Type de géométrie: Polygon
Nombre de points: 35
Centroïde: (32.31205484, 0.98489326)

COORDONNÉES (35 points):
--------------------------------------------------------------------------------
#      Longitude          Latitude           Altitude    
--------------------------------------------------------------------------------
1      32.3128938538      0.9852820943       0.00        
2      32.3129528943      0.9853171896       0.00        
3      32.3130669309      0.9854882174       0.00        
4      32.3132633256      0.9854882168       0.00        
5      32.3134787273      0.9855832321       0.00        
6      32.3136244405      0.9856465758       0.00        
7      32.3138018305      0.9856782476       0.00        
8      32.3133837016      0.9860709817       0.00        
9      32.3129085539      0.9863116909       0.00        
10     32.3127740634      0.9866409497       0.00        
11     32.3088265653      0.9877724500       0.00        
12     32.3087461606      0.9877764025       0.00        
13     32.3086961163      0.9862447601       0.00        
14     32.3086762387      0.9838138242       0.00        
15     32.3087358625      0.9837608340       0.00        
16     32.3087557332      0.9834230186       0.00        
17     32.3100210805      0.9834826418       0.00        
18     32.3114520230      0.9835687523       0.00        
19     32.3120349966      0.9835621266       0.00        
20     32.3122469871      0.9834760168       0.00        
21     32.3124722274      0.9835488769       0.00        
22     32.3125053510      0.9835488767       0.00        
23     32.3126643444      0.9834958856       0.00        
24     32.3127173422      0.9834958852       0.00        
25     32.3130949523      0.9835422486       0.00        
26     32.3131280760      0.9836283573       0.00        
27     32.3129492093      0.9849464823       0.00        
28     32.3129293353      0.9849796010       0.00        
29     32.3128630881      0.9849994724       0.00        
30     32.3127902158      0.9849001168       0.00        
31     32.3126179735      0.9849531071       0.00        
32     32.3125119785      0.9850590869       0.00        
33     32.3126179742      0.9851584423       0.00        
34     32.3128233411      0.9853372823       0.00        
35     32.3128938538      0.9852820943       0.00        

