================================================================================
EXTRACTION DE DONNÉES KML
================================================================================

Fichier source: Progressive 2009 pine  now 9.53.kml
Nombre de placemarks: 1
================================================================================


================================================================================
PLACEMARK #1: Progressive 2009 pine  now 9.53
================================================================================

Type de géométrie: Polygon
Nombre de points: 73
Centroïde: (32.31621974, 0.98789528)

COORDONNÉES (73 points):
--------------------------------------------------------------------------------
#      Longitude          Latitude           Altitude    
--------------------------------------------------------------------------------
1      32.3135108806      0.9892836432       0.00        
2      32.3138785547      0.9881096125       0.00        
3      32.3144478624      0.9878605737       0.00        
4      32.3148392598      0.9873625000       0.00        
5      32.3146950622      0.9868649892       0.00        
6      32.3148098755      0.9866277402       0.00        
7      32.3149323445      0.9866506990       0.00        
8      32.3149741932      0.9867287019       0.00        
9      32.3150224376      0.9867479967       0.00        
10     32.3152009422      0.9867479965       0.00        
11     32.3152540112      0.9867335253       0.00        
12     32.3154759364      0.9867335251       0.00        
13     32.3155048832      0.9867431725       0.00        
14     32.3155338302      0.9867865860       0.00        
15     32.3155531281      0.9868058810       0.00        
16     32.3156013731      0.9868927081       0.00        
17     32.3156061978      0.9869457692       0.00        
18     32.3156785653      0.9870181253       0.00        
19     32.3157750552      0.9870422440       0.00        
20     32.3159535611      0.9869554168       0.00        
21     32.3161947870      0.9869554170       0.00        
22     32.3163057511      0.9869312983       0.00        
23     32.3163250493      0.9869264746       0.00        
24     32.3164842595      0.9869312985       0.00        
25     32.3165759265      0.9869795363       0.00        
26     32.3166930910      0.9870291610       0.00        
27     32.3168330013      0.9870918690       0.00        
28     32.3169391404      0.9871883434       0.00        
29     32.3169632630      0.9871883433       0.00        
30     32.3170452797      0.9872221092       0.00        
31     32.3171465947      0.9872365800       0.00        
32     32.3174119447      0.9872992878       0.00        
33     32.3176483487      0.9872896394       0.00        
34     32.3177351915      0.9872896390       0.00        
35     32.3177689637      0.9872896389       0.00        
36     32.3178220343      0.9872944624       0.00        
37     32.3179633157      0.9872896394       0.00        
38     32.3181659459      0.9873137574       0.00        
39     32.3182045425      0.9874488223       0.00        
40     32.3180260350      0.9875452977       0.00        
41     32.3179343696      0.9876707152       0.00        
42     32.3178716513      0.9877575427       0.00        
43     32.3178137574      0.9877768377       0.00        
44     32.3177848104      0.9877864852       0.00        
45     32.3176690228      0.9878829600       0.00        
46     32.3175966561      0.9880228485       0.00        
47     32.3175918322      0.9881048521       0.00        
48     32.3174615715      0.9881868557       0.00        
49     32.3172444713      0.9883942764       0.00        
50     32.3172155246      0.9884087477       0.00        
51     32.3171093865      0.9884473375       0.00        
52     32.3170177223      0.9885486361       0.00        
53     32.3169550046      0.9886161686       0.00        
54     32.3167234307      0.9886306398       0.00        
55     32.3164098415      0.9886306399       0.00        
56     32.3163374749      0.9886451112       0.00        
57     32.3161444972      0.9887271154       0.00        
58     32.3161155505      0.9887415867       0.00        
59     32.3159466949      0.9888428862       0.00        
60     32.3159177482      0.9887850011       0.00        
61     32.3157295960      0.9889214556       0.00        
62     32.3155945116      0.9890709916       0.00        
63     32.3155124960      0.9892157039       0.00        
64     32.3154401292      0.9892928840       0.00        
65     32.3154353045      0.9894761863       0.00        
66     32.3154256555      0.9895823090       0.00        
67     32.3153677640      0.9896801736       0.00        
68     32.3151892591      0.9899213607       0.00        
69     32.3150300515      0.9900226598       0.00        
70     32.3149866312      0.9900323075       0.00        
71     32.3149335618      0.9900564265       0.00        
72     32.3145234801      0.9898104175       0.00        
73     32.3135108806      0.9892836432       0.00        

